2.607533
2.866777
2.048231
2.672435
2.563753
2.238462
2.413282
2.568525
3.215679
3.053887
2.230023
3.106985
2.645081
2.487389
2.642949
2.459007
2.475171
2.797940
2.781807
2.783438
2.634299
2.258503
2.643448
2.826047
2.597779
2.706939
2.645377
2.439312
2.558774
2.342543
2.677679
2.270586
2.286226
2.338100
1.911143
2.787676
2.565038
2.349014
2.774060
2.157697
2.479552
2.451711
2.563841
2.562572
2.327024
2.493990
2.467024
2.625541
2.718653
2.721855
2.327269
2.515472
2.257177
2.277300
2.498630
2.806526
2.346067
2.574276
2.454883
2.723471
2.282187
2.506511
2.610505
2.720122
2.808842
2.517186
2.201682
2.351540
2.287684
2.970091
2.376880
2.649615
2.461516
2.677722
2.347030
2.219546
2.215525
2.597639
2.464525
2.460789
2.783862
2.558317
2.539562
2.817540
2.339107
2.639325
2.667018
2.451257
2.543134
2.266831
2.270409
2.520975
2.644451
3.017098
2.366622
2.537466
2.483501
2.113395
2.412207
2.141064
2.668075
2.322394
2.520019
2.391094
2.560704
2.379935
2.597993
2.647873
2.842378
2.461175
2.072329
2.332082
2.770919
2.285569
2.692191
2.524810
2.787339
2.107820
2.460460
2.258431
3.081602
2.665044
2.775794
2.288364
2.406277
2.445506
2.719685
2.444426
2.640308
2.089637
2.429230
2.335283
2.184589
2.601595
2.556397
2.506696
2.233264
2.725498
2.570036
2.440187
2.504578
2.447601
2.149958
2.442870
2.333727
2.304159
2.268720
2.393289
2.099473
2.692846
2.604012
2.495994
2.493046
2.340367
2.703737
2.473357
2.357094
2.770277
2.455046
2.382194
2.441249
2.330415
2.275974
3.005200
2.831100
2.561507
2.248576
2.326906
2.464693
2.658283
2.233599
2.034027
2.210181
2.566702
2.578271
2.590336
2.473943
2.536738
2.404769
2.672404
2.227661
2.591006
2.330258
2.433023
2.610557
2.707818
2.276472
2.752132
2.632029
2.486427
2.460956
2.456479
2.439378
2.504609
2.510258
2.665213
2.805395
2.593383
2.458057
2.625038
2.536645
2.294046
2.689844
2.561412
2.527035
2.603049
2.552281
2.311703
2.467532
2.470789
2.393598
2.836421
2.324854
2.403237
2.357599
2.265158
2.461552
2.445186
2.806015
2.450195
2.287157
2.820691
2.746936
2.454075
2.198768
2.411074
2.468812
2.555214
2.447767
2.588684
2.578379
2.249864
2.310408
2.351779
2.398436
2.435885
2.502494
1.894165
2.408597
2.748490
2.286660
2.686746
2.570064
2.494199
2.536490
2.186989
2.483092
2.820789
2.519670
2.508275
2.353166
2.493837
2.546469
2.585278
2.425438
2.452709
2.904738
2.048329
2.945889
2.567513
2.700012
2.167167
2.381993
2.444387
2.584543
2.165960
2.594327
2.257431
2.513238
2.630471
2.565412
2.716527
2.701215
2.369818
2.551411
2.311124
2.235642
2.684965
2.500010
2.489016
2.682225
2.618917
2.570040
2.750050
2.685958
2.547953
2.361928
2.369689
2.738420
2.177634
2.495108
2.110231
2.704100
2.672343
2.500232
2.485833
2.002743
2.616234
2.061513
2.036144
2.515987
2.310304
2.582298
2.635396
2.671547
2.361768
2.589876
2.520127
2.665214
2.607231
2.679578
2.473612
2.470560
2.701555
2.075269
2.399083
2.245881
2.423483
2.629736
2.665145
2.297011
2.405786
2.527405
2.441627
2.560364
2.579986
2.314008
2.464634
2.073581
2.729072
2.374182
2.259230
2.449211
2.214271
2.495828
2.387867
2.935556
2.727693
2.000623
2.588265
2.220372
2.448989
2.532881
2.649547
2.445391
2.815260
2.403813
2.565502
2.632947
2.517038
2.676191
2.564643
2.343171
2.138925
2.871719
2.379094
2.520672
2.612633
2.522719
2.319055
2.406457
2.475022
2.795792
2.327837
2.656934
2.561725
2.453228
2.288605
2.443172
2.482662
2.206121
2.538436
2.335541
2.481152
2.567243
2.319069
2.442349
2.570013
2.132828
2.707195
2.984892
2.691880
2.436846
2.585725
2.292803
2.875573
2.688141
2.657469
2.324825
2.563990
2.388341
2.437714
2.385998
2.294853
2.318251
2.458021
2.160227
2.621520
2.476440
2.639832
2.553930
2.598857
2.203376
2.295947
2.410601
2.521932
2.725747
2.442007
2.752310
2.595085
2.734823
2.525389
2.368637
2.203720
2.531098
2.663710
2.441482
2.391843
2.438272
2.280681
2.401398
2.463852
2.509168
2.487243
2.622267
2.521864
2.862803
2.562405
2.860899
2.355376
2.605309
2.447950
2.620029
2.618786
2.062796
2.234591
2.211797
2.580369
2.794040
2.434637
2.662465
2.609108
2.289674
2.579493
2.349621
2.803253
2.493487
2.827200
2.414988
2.617887
2.487442
2.095608
2.303574
2.622502
2.489023
2.276254
2.374724
2.549904
2.301396
2.694990
2.371858
2.861773
2.284027
2.539838
2.195795
2.355274
2.381350
2.580267
2.688427
2.560097
2.425386
2.663098
2.659777
2.524041
2.614250
2.582559
2.302608
2.651914
2.368560
2.379216
2.535389
2.438499
2.473636
2.619072
2.709367
2.460408
2.565536
2.452340
2.545919
2.588000
2.376627
2.554967
2.620220
2.518462
2.845968
2.378289
2.352588
2.150024
2.682097
2.673417
2.484021
2.679695
2.536741
2.558158
2.522589
2.587990
2.520332
3.057467
2.266667
2.129140
2.271864
2.281331
2.413278
2.466306
2.456293
2.608267
2.577853
2.650246
2.855651
2.744613
2.243349
2.034209
2.680386
2.132872
2.513351
2.507096
2.945434
2.486157
2.398535
2.547162
2.549161
2.514009
2.378284
2.255481
2.563300
2.231426
2.293563
2.766243
2.416219
2.471936
2.679964
2.439978
2.705873
2.430987
2.702560
2.625867
2.457397
2.326861
2.291378
2.445986
2.412372
2.418265
2.696709
2.440461
2.728736
2.393676
2.694513
2.395550
2.535316
2.694148
2.417206
2.412346
2.900678
2.690199
2.413599
2.629788
2.427985
2.641177
2.783170
2.179097
2.705771
2.791594
2.509494
2.849251
2.531078
2.252576
2.061301
2.433319
2.642709
2.563482
2.582722
2.384583
2.528800
2.172267
2.347982
2.336241
2.603946
2.497168
2.268894
2.498095
2.362038
2.366660
2.672830
2.522684
2.579673
2.676794
2.536052
2.610171
2.636593
2.734122
2.595172
2.782447
2.504522
2.490426
2.840267
2.398058
2.499429
2.683973
2.529962
2.780987
2.706824
2.558314
2.344460
2.613339
2.223476
2.548895
2.661688
2.542608
2.675935
2.907775
2.684786
2.553383
2.628332
2.585097
2.237055
2.416718
2.744938
2.491283
2.616485
2.298700
2.512903
2.620058
2.227697
2.569519
2.463631
2.312093
2.492493
2.120739
2.074405
2.264615
2.301894
2.265394
2.154914
2.557646
2.181163
2.522044
2.657413
2.499555
2.518622
2.424369
2.203465
2.491236
2.692165
2.847649
2.413959
2.174535
2.533269
2.575253
2.454610
2.270218
2.904867
2.028095
2.398006
2.235675
2.372774
2.563570
2.527610
2.357853
2.655401
2.624479
2.629476
2.414874
2.709716
2.632141
3.001754
2.712692
2.731384
2.510596
2.242323
2.425756
2.348442
2.387206
2.611028
2.388644
2.320977
2.418134
2.467823
2.581867
2.309473
2.563463
2.515604
2.764877
2.457366
2.473104
2.265729
2.222947
2.562102
2.450102
2.600749
2.321468
2.881702
2.524446
2.709407
2.454616
2.467500
2.638010
2.611151
2.275949
2.193461
2.280426
2.216845
2.511914
2.417750
2.426398
2.227807
2.655913
2.587882
2.482076
2.704236
2.325204
2.582940
2.569688
2.569851
2.354151
2.565368
2.397024
2.320711
2.259346
2.707563
2.330811
2.465417
2.258270
2.440575
1.853592
2.282608
2.214713
2.297110
2.457347
2.434930
2.888880
2.385645
2.449994
2.186137
2.404523
2.232405
2.506060
2.670617
2.580851
2.359876
2.173891
2.792003
2.910009
2.524100
2.302020
2.739554
2.381469
2.406038
2.677275
2.222956
2.108649
2.584137
2.580148
2.519028
2.599337
2.716448
2.694090
2.386286
2.661994
2.534649
2.398891
2.261339
2.629394
2.429275
2.509287
2.341410
2.189897
2.534317
2.487572
2.739806
2.660341
2.710661
2.350225
2.312735
2.246183
2.599596
3.057816
2.645514
2.345387
2.667327
2.274334
2.215106
2.643488
2.344419
2.563197
2.781307
2.580225
2.685932
2.178840
2.632307
2.927700
2.608228
2.191825
2.459371
2.400007
2.576605
2.582407
2.581099
2.427244
2.380146
2.382082
2.670708
2.129398
2.458539
2.554076
2.369446
2.595445
2.485736
2.312340
2.532273
2.446363
2.418025
2.357735
2.512289
2.130774
2.420333
2.391290
2.317620
2.630540
2.353146
2.608127
2.695168
2.468626
2.555560
2.627903
2.483804
2.608174
2.247487
2.722085
2.302087
2.134233
2.776900
2.487455
2.589784
2.427348
2.295883
1.885402
2.625256
2.442663
2.460531
2.581121
2.216130
2.354111
2.729466
2.619573
2.243744
2.059347
2.385751
2.542799
2.688475
2.518745
2.275538
2.561232
2.265533
2.307807
2.369253
2.254121
2.445807
2.320010
2.442863
2.407516
2.418043
2.399292
2.746659
2.622061
2.511814
2.206611
2.174839
2.107050
3.021039
2.694475
2.551396
2.305152
2.270727
2.609528
2.813017
2.161331
2.410121
2.483142
2.101601
2.668249
2.417068
2.882436
2.421820
2.581836
2.271514
2.375027
2.266255
2.578515
2.760368
2.381272
2.587275
2.399128
2.520422
2.739250
2.524057
2.292631
2.328579
2.466025
2.461666
2.326837
2.536133
2.753306
2.449766
2.459086
2.059696
2.345097
2.221345
2.422753
2.605117
2.804654
2.859699
2.476623
2.435961
2.663503
2.598032
2.653050
2.655656
2.203939
2.608073
2.481692
2.347950
2.361281
2.756292
2.338052
2.252636
2.542937
2.902154
2.505111
2.561660
2.312351
2.834843
2.524998
2.606020
2.309586
2.670809
2.577829
2.268800
2.507948
2.409880
2.521850
2.449889
2.462020
2.293417
2.435342
2.653305
2.848935
2.267896
2.975482
2.805216
2.533702
2.439759
2.360269
2.666554
2.361079
2.407623
2.676723
2.587189
2.679349
2.600946
2.419821
2.397230
2.659274
2.365762
2.737332
2.658140
2.557544
2.500645
2.573123
3.205336
2.477513
2.188681
2.883020
2.621969
2.370418
3.023467
2.610190
2.558841
2.344431
2.287014
2.146317
2.415416
2.289380
2.629551
2.436474
2.853798
2.802116
2.532802
2.443447
2.730433
2.270698
