-0.328706
0.409881
0.411146
-0.366415
0.483287
0.492537
0.118099
-0.350212
0.498352
-0.340254
-0.254182
-0.498318
0.497187
-0.028470
0.365060
0.373385
-0.000952
-0.393222
-0.446760
-0.274789
0.498156
0.447122
0.140961
0.416798
-0.393516
0.451148
-0.085839
0.326476
0.492611
0.106737
-0.429414
0.412102
-0.435774
-0.255889
0.480712
-0.435435
0.485497
-0.473654
-0.229931
0.127840
0.453946
0.409175
0.465027
0.376719
0.456523
-0.334258
0.354592
-0.316290
-0.133807
-0.130823
0.180357
0.377268
0.402586
-0.384928
-0.181231
-0.110444
-0.455957
-0.236989
-0.229650
-0.067513
-0.470579
0.498243
-0.412692
-0.499984
0.483596
-0.495966
0.459560
-0.292120
-0.036119
0.495008
0.495408
-0.494120
-0.293273
0.388809
0.245465
-0.173873
0.236826
-0.223810
-0.023041
-0.489324
0.309766
-0.497940
-0.153041
-0.149866
0.300652
-0.088472
-0.496525
0.433798
0.449608
0.165087
0.416483
0.499958
0.499751
0.478210
0.447112
0.338606
-0.175335
0.263898
-0.034467
0.432759
-0.288806
0.292723
0.498135
-0.152727
0.397413
0.325557
-0.499024
0.195994
0.244589
0.126334
-0.043017
0.414553
0.456091
-0.499173
-0.443699
-0.446047
0.336288
0.401414
-0.419999
0.184843
0.475028
0.084480
0.496476
-0.071473
0.103163
0.033610
0.148893
-0.369940
-0.281027
0.393999
-0.288143
0.492318
0.475579
-0.492445
0.491522
-0.224573
-0.479533
-0.295050
0.329214
-0.496532
0.486301
0.498899
-0.381963
0.439390
0.205696
0.046068
-0.379047
0.145524
-0.330280
0.215618
0.491856
-0.289198
-0.432977
0.144457
-0.031918
-0.230599
-0.040731
-0.006679
-0.479790
-0.148547
-0.268265
-0.499423
-0.479181
0.115491
0.377514
0.354998
-0.435173
-0.488301
-0.171245
-0.498009
-0.084306
-0.186969
0.203887
-0.093867
0.114599
-0.078368
-0.435403
-0.415805
-0.460118
-0.495102
-0.350106
0.413817
-0.437518
-0.280005
-0.170484
-0.363075
-0.227529
-0.453930
-0.498411
0.112482
-0.419923
0.403847
0.462991
0.298852
-0.052776
-0.054732
-0.498291
-0.301852
0.162995
0.459401
-0.431607
-0.480166
-0.194873
0.469132
0.397285
0.176953
0.199203
-0.340333
0.447707
-0.483196
0.378232
0.367379
-0.313349
-0.494543
-0.494129
0.453739
0.394874
-0.333367
-0.391343
-0.149503
0.432285
-0.481939
-0.155512
-0.391001
-0.384315
0.457836
0.291280
0.107212
0.415682
-0.499124
-0.148321
-0.140325
-0.260868
-0.411535
0.236503
0.499961
-0.270960
0.329581
0.455992
-0.478748
-0.029309
-0.488039
0.360193
0.453298
0.440558
-0.461657
0.499997
0.283331
-0.487411
0.195147
0.470736
0.161993
-0.477855
-0.368506
-0.448578
0.042730
-0.392017
0.289535
0.099432
-0.325870
-0.180295
0.373174
0.312299
0.217531
0.093684
-0.498203
-0.499996
-0.492511
0.291668
0.465581
-0.493534
-0.198035
0.263233
-0.302504
-0.331181
0.422987
0.042212
-0.425435
0.245452
0.092919
0.438458
0.449413
-0.478836
-0.461639
-0.480554
0.135452
-0.084553
0.469179
0.409642
-0.070690
0.149989
0.052616
0.481273
-0.073654
0.457517
-0.356055
-0.471554
-0.388729
-0.274309
-0.236836
-0.266782
0.200332
0.435871
0.341777
0.431363
0.091607
0.426000
-0.106284
0.262358
0.156734
-0.500000
-0.417668
-0.074629
-0.431216
0.437829
-0.237886
-0.335063
-0.498984
0.457731
-0.074726
-0.495857
-0.382512
0.073858
-0.363671
-0.077269
0.499025
0.498854
0.125652
0.238466
0.466609
-0.465730
0.489146
0.471870
-0.467004
-0.148013
-0.429006
-0.248116
0.479169
-0.424274
-0.154940
-0.024045
0.499613
-0.358925
0.378396
0.010262
0.380244
-0.085395
-0.257654
0.361906
0.208974
0.107214
0.470640
0.499460
0.409329
0.499976
-0.497873
0.153001
-0.333355
0.496872
0.480451
-0.113314
-0.424989
-0.089642
0.274952
0.330890
-0.421757
-0.499313
-0.296969
0.166034
-0.492795
-0.097812
-0.153257
-0.123799
0.146780
0.084478
0.202771
0.496728
-0.205256
0.433729
0.307707
0.205030
-0.475299
0.163468
0.485116
0.257346
0.475544
-0.187880
0.169991
0.499142
0.320095
-0.130397
0.441028
-0.251237
0.208243
0.469205
-0.149720
0.299985
0.033832
-0.037100
-0.155132
-0.410932
0.386532
0.373058
-0.435620
0.326817
-0.429948
0.306442
0.228083
-0.498072
0.343963
-0.257706
0.012282
-0.335545
-0.450970
0.414183
-0.458626
0.477340
0.233006
-0.310197
0.252116
0.301638
0.249571
0.453062
0.061071
-0.232167
-0.484423
-0.492072
0.497953
-0.187625
-0.439847
0.393708
-0.339753
0.323228
0.064022
0.476431
-0.465982
-0.476215
-0.483218
0.497572
0.473854
-0.441167
0.102422
-0.295087
-0.151103
-0.499647
-0.261379
0.498806
0.466424
-0.481495
-0.493373
0.388432
0.499505
-0.152246
0.202276
-0.385726
0.496548
0.480210
-0.267100
0.499830
-0.279162
-0.429779
-0.388997
0.059834
0.498412
0.394230
-0.328166
-0.304555
0.030532
0.491112
-0.451148
0.313758
-0.041331
0.499719
-0.092540
0.378026
-0.496258
0.430339
-0.076908
-0.494485
-0.096969
0.476989
-0.195595
0.092915
0.144126
0.443094
-0.499924
-0.499792
0.387161
0.438293
-0.419603
0.070826
0.294937
-0.468943
0.297650
0.083269
0.489943
-0.243581
-0.388270
-0.101575
0.141371
0.258017
0.440098
0.216968
-0.131254
-0.173205
-0.058382
-0.409794
-0.490162
-0.339546
0.496557
0.498959
0.114887
0.063979
-0.026342
0.496234
0.403998
-0.269038
0.119811
0.286131
0.030773
-0.420857
0.441646
-0.464095
-0.238607
0.241403
-0.303200
0.374163
-0.476262
0.467376
-0.402516
-0.110959
-0.298254
-0.442272
0.216936
-0.033203
0.194187
-0.075894
-0.058301
-0.312867
-0.499237
0.464745
0.325920
0.497643
0.354254
0.029859
0.265623
-0.497364
-0.337757
0.495516
0.252493
-0.396862
0.496791
0.483711
-0.180567
0.213237
0.353713
-0.204713
-0.090961
0.154199
-0.391079
0.392483
-0.109771
0.079736
0.347804
0.186250
-0.465768
-0.223433
0.248095
-0.071949
-0.293596
0.457583
0.396128
-0.481961
-0.153541
0.338744
0.110346
-0.333009
0.413927
-0.305879
-0.207701
0.469251
0.043708
0.435162
-0.389281
-0.211746
0.494149
0.482762
-0.336649
0.473952
0.146118
-0.441272
0.465902
0.385100
0.162453
-0.397638
0.042227
-0.255667
0.277933
0.305989
-0.079975
-0.249407
0.423508
0.406526
-0.450944
-0.474492
-0.305397
-0.495438
-0.364091
0.477745
-0.310424
0.482051
0.052147
-0.365996
-0.492625
-0.303972
0.428715
-0.414987
0.427019
0.303311
-0.406627
0.081637
0.197859
-0.271053
0.208175
0.425150
0.446713
0.322166
0.335629
-0.258836
-0.493592
0.493267
0.178421
0.428886
0.204220
0.001522
0.065675
-0.495802
-0.449171
0.460735
-0.383558
0.007799
0.441090
-0.397938
0.111234
0.285575
-0.413197
-0.498077
-0.169165
-0.187666
-0.411315
-0.331884
-0.162453
0.367715
0.496990
0.477793
-0.223625
0.451749
-0.440602
-0.494522
0.431579
-0.255541
0.498513
0.085176
0.035959
-0.331254
-0.365966
-0.292205
-0.176159
-0.292501
-0.499991
-0.375084
0.497422
0.379151
-0.019388
-0.311085
0.366128
-0.064540
0.495838
-0.305474
-0.492538
0.216772
-0.498976
-0.400327
-0.466013
0.499984
-0.171141
-0.302544
-0.496288
0.424117
0.488359
-0.325595
-0.334356
0.498928
-0.496256
0.134507
-0.308522
-0.494592
-0.383676
-0.000347
0.239149
0.456242
-0.460461
0.164474
0.499015
-0.167167
0.298447
-0.460913
-0.498177
-0.403621
0.269166
-0.299851
0.488415
0.461632
0.078444
-0.426915
-0.449972
0.359402
-0.458431
0.384722
-0.310396
0.397353
0.497028
-0.272967
0.460238
-0.279861
-0.429960
0.495377
-0.131873
-0.279480
0.393637
-0.350406
0.344063
0.300516
-0.219636
0.146505
0.498464
-0.194658
0.139758
-0.217317
-0.156574
-0.297013
-0.443977
0.449334
0.366935
0.476614
0.214453
0.475137
0.472058
0.457269
0.385506
-0.478027
-0.432360
0.205623
0.386462
0.499511
0.457110
0.313546
-0.250779
-0.478018
-0.494299
-0.116859
-0.378718
0.437218
0.452581
-0.223613
0.104610
0.341807
-0.362496
-0.234901
0.413094
0.496545
-0.297138
-0.072386
-0.346032
0.475991
0.399797
0.136548
0.173231
0.469735
-0.479902
-0.204700
0.489060
0.474939
0.411345
-0.467864
0.139143
-0.492468
0.456976
0.489099
-0.423814
0.081580
0.409107
-0.078645
0.353903
-0.493070
0.426037
-0.498867
0.153993
0.480836
-0.268956
0.409492
-0.147697
-0.403444
0.133938
-0.389644
-0.217454
0.039785
-0.230556
0.367335
-0.284374
-0.499519
-0.439515
-0.007320
0.108128
0.356061
-0.416637
-0.460096
0.316861
0.469630
0.319976
0.439404
0.349586
0.499353
-0.293531
0.229205
-0.264114
0.133317
0.494637
-0.263198
-0.074216
0.499870
-0.206345
-0.486459
-0.478535
-0.143264
-0.314103
-0.070979
0.497059
0.237456
-0.495034
-0.434839
-0.341458
-0.338422
-0.066673
0.297114
-0.110606
-0.498427
0.029258
0.496391
-0.448354
-0.469610
0.059257
-0.490373
-0.387938
-0.392608
-0.308992
0.376386
-0.447647
0.458263
0.367580
-0.089968
-0.378467
0.370827
0.477237
0.337255
-0.313252
0.354624
-0.259843
0.135357
0.326547
0.118394
0.332523
-0.107020
0.169093
0.496602
0.101713
0.322887
-0.226565
0.248925
0.241909
0.107166
-0.405769
-0.438621
0.383777
0.253349
0.388247
0.462876
-0.111428
0.333820
-0.086463
0.060647
-0.055135
-0.257305
-0.464615
-0.466490
0.134369
-0.019513
0.484437
0.403655
0.151081
-0.185656
0.485081
-0.200316
0.495706
-0.160083
0.059712
-0.440179
0.064825
-0.283593
0.155527
0.252770
-0.426312
0.212193
0.275065
-0.148613
-0.406563
0.448158
-0.462082
0.460470
0.498451
-0.055662
0.029956
0.476645
-0.482926
-0.108269
-0.039935
0.394951
0.062991
0.157290
-0.126622
-0.464929
0.467728
-0.475666
0.058403
0.499840
-0.200157
-0.105002
0.488674
-0.371989
-0.332435
-0.226992
0.374186
0.394997
0.275470
-0.069048
0.152736
-0.356272
-0.303133
0.499340
-0.496563
-0.414110
0.499999
0.448346
0.314745
-0.343511
0.419129
0.295332
-0.258395
-0.394164
-0.365364
-0.430381
0.403797
-0.179219
-0.494888
-0.057025
-0.162271
0.126983
0.196254
0.259142
-0.476427
-0.498877
-0.242250
0.275650
0.112747
0.126444
0.358557
0.378456
0.211970
-0.471261
0.494760
-0.484549
-0.133700
-0.498885
-0.351829
-0.317150
-0.354752
0.110146
0.324876
-0.113601
-0.224819
0.178822
-0.408007
0.309813
-0.239319
0.485969
0.329905
0.145841
0.074813
0.252525
-0.491274
