0.713537
-0.342688
-0.722389
-2.223891
-0.208931
0.152947
1.512401
0.694185
1.040812
-0.215344
1.393535
0.923687
-0.346672
0.094793
-1.454646
-0.863434
0.357808
-0.811692
-0.202853
1.230359
-0.695252
-0.113325
-1.076220
0.734531
0.554639
-1.502240
-0.862196
-0.554897
-2.648131
-1.268233
-0.787267
0.551005
-0.228465
-1.136848
-0.259884
0.743121
-0.131666
-1.318654
3.007128
0.246757
1.517018
2.692658
1.244519
-0.112915
-2.049546
-1.535423
-0.467795
0.149109
1.821361
2.398203
0.857913
-1.253115
-0.196446
2.233922
0.022945
-0.064151
-0.985280
0.342395
-0.543653
0.435196
1.136749
1.765726
-0.016749
2.460870
1.807972
-0.846419
1.667221
0.487331
-0.918465
1.270540
0.949204
0.590846
0.105480
-1.074819
2.407859
1.294186
1.701452
0.490857
-0.407742
1.190992
-1.380122
0.458444
-0.722710
0.030504
0.666316
0.932729
-0.351885
-0.296700
-2.515148
-1.474072
2.069917
0.356384
0.555368
-1.269589
-0.406723
-2.020418
-1.602109
-1.539996
-1.910490
-1.397318
-1.250968
-0.794577
1.226036
1.999414
-0.791974
0.292561
-0.165338
-1.179736
-1.025816
-1.882583
0.876349
-0.030990
1.075482
-0.750257
-0.407810
0.532040
-0.019126
1.439141
-0.870152
1.487747
-0.332865
-0.145341
-0.451349
-0.540747
1.682165
-0.801780
1.283951
-0.140380
-0.068733
0.147100
-0.073851
-1.327638
-0.999168
0.435025
-0.280602
0.183677
0.675992
0.148322
-0.434733
-0.083362
1.361803
0.674481
0.803192
0.905000
0.956014
-0.768706
2.491324
-0.153869
0.041459
-1.504890
1.085012
0.572049
0.191929
0.618327
0.865766
0.358524
-2.529204
-0.107627
-0.165975
0.435371
-0.300743
0.144595
0.096597
-0.174700
0.675104
0.084941
0.877505
-0.594691
1.589647
-0.852597
-0.288577
-1.483939
-0.646824
1.265155
0.473226
-0.955856
0.506044
-0.720194
-2.110295
-0.541388
1.989192
0.215413
-1.981906
0.711734
1.960874
-0.041662
-0.150072
0.606245
-0.831959
0.309508
2.555304
-0.879658
0.074854
0.418194
0.447429
0.877937
-0.207829
-0.747894
-0.063207
-1.937032
-0.218988
2.231862
-0.564342
0.370891
0.517648
0.407988
0.078779
-0.648143
0.366165
0.255221
0.174873
0.623255
-0.170135
-1.192450
-0.770286
0.713170
1.050440
-0.635685
-1.350060
-1.033007
1.031223
0.937095
0.803127
0.993043
-0.029103
0.161311
0.734093
0.941675
2.603713
-0.983196
0.114703
0.449005
-1.181138
-1.514713
0.166366
-0.720212
-0.000076
-0.973902
-0.099568
0.103440
-2.265550
0.774755
-2.058687
0.260788
0.022192
0.236799
1.557238
-1.574182
-0.702165
-0.778990
1.584747
1.344815
0.723150
-1.591311
-0.470575
0.537133
0.360417
-0.663692
1.541366
-0.589622
0.395951
2.044501
1.772736
-0.200510
0.772324
1.720004
-0.972107
0.985598
1.908854
1.031662
1.265826
0.001464
-1.313384
-0.742586
1.584562
0.073719
0.846471
-1.037845
-1.814753
-2.097081
0.285519
-2.179006
1.455232
1.165607
0.307951
1.047086
-0.106908
-1.835721
-0.126129
-0.678049
1.265040
0.348143
0.413490
-0.374514
-0.894252
0.280353
-0.438256
1.392548
-0.367377
-0.795427
-0.218398
1.081998
-0.566998
-0.095499
-1.477976
0.122107
-0.383116
-0.448950
0.144553
0.027061
-0.002535
3.007350
1.046731
1.689733
1.666527
-0.287502
-0.487005
-1.669182
-0.975265
-0.285797
-0.092191
0.325278
0.153787
-1.193385
-0.330344
1.738295
-0.302764
-0.923455
-0.255567
0.336793
-0.389166
-0.429146
-0.345374
1.194758
0.844758
-0.754751
-0.750551
-1.751088
1.134212
-0.108164
-0.243681
0.180208
-1.308279
-0.927308
0.184740
-0.323425
-2.069644
-0.776909
0.266268
1.077611
0.089024
0.145978
-0.483140
0.211255
0.545705
-0.908649
1.059693
-1.672367
-0.046122
-0.232865
1.657959
-0.315105
3.252811
-0.275185
-0.721573
2.345928
-0.018623
-0.258052
0.146741
-1.009365
-1.470567
-0.649204
0.070548
1.151016
1.221468
0.485867
1.208433
2.644885
0.657194
0.972136
-0.303389
1.209477
-1.136420
-0.333455
-0.865975
-0.563153
2.009424
-0.206414
-0.429742
1.043727
-0.318059
0.324033
0.557941
-0.874605
-0.357464
1.940129
0.138589
0.916651
1.288994
0.583170
0.126985
1.295954
-1.272414
1.220836
-2.128142
-1.277511
-0.432343
-0.086369
-1.648684
0.785208
-0.077123
-1.108378
-1.204629
-0.971608
-0.845661
-0.127967
-0.054686
-0.592531
-0.085599
-0.654926
0.178642
1.565664
0.870590
-0.413708
0.147100
-0.161429
-0.431909
-0.317044
1.123678
-0.551644
0.192383
0.622901
-1.044433
-1.522771
0.778501
0.390013
-0.539595
1.142219
0.320172
-0.411729
-0.445760
-0.507163
-1.105346
2.759631
-2.295976
0.276002
0.005712
-1.294668
-0.147223
0.393961
1.036928
0.113941
0.587377
1.769342
-0.109969
-0.578599
-1.443195
0.857609
-0.514071
1.436534
0.072891
-0.135770
-0.568641
-0.520249
-1.273909
0.605340
-0.423807
0.645174
-1.705542
0.347560
-0.922283
-1.578066
-0.237061
0.621061
1.040828
1.243599
-0.381641
-0.967439
3.058692
-0.554103
-0.710407
0.478487
-1.082740
-0.671803
-1.538020
-0.201039
-1.133718
0.391487
0.189846
-0.723717
-0.386292
-0.574924
0.169873
-0.659602
0.272937
-0.853548
0.590226
-0.166275
-2.060035
0.191932
0.950641
1.271635
0.230575
1.486691
0.695373
2.116414
0.267209
0.482002
0.438096
0.560342
0.835673
1.070720
-0.990217
-1.299656
1.341941
0.970791
-0.849795
-0.049388
1.857248
-1.160908
0.330497
-1.390352
0.173983
0.309081
-0.182844
0.946882
-0.136726
1.192242
1.101429
-0.276745
0.261700
0.211522
0.971438
1.250160
0.797662
0.027900
-0.890406
-1.289454
1.105078
2.005700
0.272379
-0.068548
0.940558
-1.686415
-0.260155
-2.005368
0.429757
0.029375
0.330151
-0.429231
-1.871011
0.998168
-0.656059
0.180461
0.955031
0.575455
-0.829480
-0.260465
-0.216537
0.995297
1.291663
-1.065421
-1.019438
0.131385
-0.001204
0.202194
-1.052519
-1.345230
-0.079279
1.241627
0.635671
-0.118784
-0.384562
-1.126322
0.903834
0.858818
-0.166232
0.389421
0.273969
0.931503
1.648390
-1.766545
-0.308435
-0.080882
-1.281593
-0.291445
0.816249
-0.760550
-2.109223
-1.023304
0.288610
-0.765004
0.951276
-0.559975
0.232274
-0.598587
0.634132
-1.645575
1.647693
-0.219468
-0.138439
-1.430881
-0.001635
-0.070544
-1.209746
0.598621
2.019469
1.194886
-0.063162
0.559744
0.215001
0.422039
-2.071630
-0.909645
-0.285275
0.636349
0.366233
-0.102437
-2.167238
-1.430272
1.343593
0.138047
0.017499
-0.338495
2.915345
-0.686935
-0.142364
0.538762
1.328223
-0.131040
0.970132
0.998571
0.262851
-1.318335
0.806470
0.104344
1.556702
-0.841786
-0.003484
-0.505063
-1.845123
-1.052527
-1.962836
1.696867
0.242644
0.602697
0.206772
1.123258
1.519756
-0.406145
-0.966166
1.108818
2.253282
-0.219884
-0.761083
0.334482
-0.944112
-0.779866
0.678448
-0.219965
0.528648
-0.503807
0.587419
0.344050
0.519554
1.177197
0.875216
-1.544049
1.828845
-1.245337
-1.768016
0.959165
-0.782674
-1.899380
-0.043281
1.843486
0.897754
0.694998
-1.070517
-0.807920
0.924598
1.329246
1.116126
0.557724
-1.022396
-0.185415
1.234641
1.415991
0.404428
0.113995
0.351412
-0.468491
0.866088
0.235637
0.481979
-0.138779
0.330294
-0.609748
1.624813
-0.268765
0.719451
-1.943380
1.008391
-0.356348
0.633361
-0.415951
0.695584
-0.522949
-0.420206
-0.956816
-1.495289
0.436145
1.119658
0.168315
-0.650180
-1.140197
-0.971211
1.792071
0.108430
-1.075375
-1.114543
-0.739020
-0.210358
2.043044
0.050995
-1.241722
-0.720825
-0.981422
1.361525
2.035499
1.563775
-0.335501
1.227780
-0.035126
-0.121191
-1.079306
-0.238751
-0.772925
-0.223426
-0.629078
-0.326952
-1.575435
0.541538
-1.271820
0.346824
-0.615249
-0.838184
-1.848141
-0.297123
0.923285
1.686723
0.547287
-1.264371
-0.209591
1.109798
0.511657
-0.615483
0.236241
0.908954
-0.378134
-0.742481
-0.800075
0.522616
0.500465
-0.481371
-1.509149
0.113664
-0.264472
0.084828
1.425395
0.306195
-0.829566
2.146977
-0.670525
-0.490433
0.554257
-1.366696
0.140323
-0.039547
2.062720
1.251655
0.395722
-1.087070
0.520623
-0.356600
-0.526254
-1.859505
-2.290580
0.347073
0.450311
-0.378019
0.634884
0.316729
-1.386555
-1.228484
1.177283
0.458148
-0.318116
-1.045882
0.258709
0.245571
-1.852115
0.943009
0.061107
0.334417
-1.320925
1.647234
0.835945
-0.826004
-0.204088
-0.616140
0.416269
0.807184
0.368554
0.473155
0.535826
-1.080536
0.712850
-0.871754
0.615363
-1.094351
1.099911
0.420177
0.792477
-0.675044
0.784728
-0.752558
-0.373105
-0.270689
0.511243
1.279740
-0.234140
-0.206578
0.308348
-0.672757
1.454995
1.054537
0.942365
-0.463781
-1.584223
-0.864633
0.425621
-0.637779
0.310884
-0.674707
0.201763
-0.186570
0.393777
-1.666628
1.317298
-0.198437
0.384417
1.859175
0.010939
1.146321
-0.327888
1.026113
0.465261
0.008680
-0.284298
0.553834
-0.936957
-0.914923
0.980490
0.658101
0.567545
-0.389270
0.010686
-1.462815
-1.304928
0.414497
-1.073104
0.136715
-1.558176
-0.446446
-0.938700
0.556328
0.009399
0.272346
-1.146035
-1.188314
-1.257798
1.070831
0.602976
0.187841
-0.788888
-1.075719
0.991303
0.496759
-1.097918
1.648579
-1.764064
0.325489
0.674877
0.153405
-0.964803
0.253318
-0.211840
0.201963
-0.315030
0.513718
-0.501509
-1.299299
0.909615
0.976712
0.839144
-1.602293
0.441831
-1.085377
0.893105
0.945767
1.014266
1.817737
-1.426770
0.386980
1.578075
0.031842
0.027300
-0.701143
1.109199
0.265860
1.211797
-1.032333
-0.830801
0.042126
0.193750
-0.948796
0.369575
-0.278156
1.271853
0.055363
0.263246
-0.894913
-1.675015
-2.324601
2.009216
0.595490
1.485751
-0.146798
-1.561794
-1.138020
-1.181884
-2.404419
0.685445
-0.951488
0.297066
0.145050
-0.667653
1.268999
0.311472
-1.531091
-0.087283
0.296567
-0.501962
0.334838
1.273243
0.443607
1.103516
1.921276
1.663042
0.351324
1.630576
-1.536232
0.039289
0.630668
0.340404
-0.271802
-2.106735
0.036512
-1.249819
-0.618385
0.831190
-0.850023
0.843075
-0.768242
1.946417
1.047851
-1.114300
0.740862
2.269629
-2.648848
-0.487228
-1.280445
0.337867
0.879157
0.195305
0.007408
0.331894
-1.063929
-1.011926
0.776453
-0.540085
1.508179
1.014713
-0.959269
0.370493
0.726059
0.194386
-0.588553
1.040025
