0.150000
0.150100
0.150200
0.150300
0.150400
0.150501
0.150601
0.150701
0.150801
0.150901
0.151001
0.151101
0.151201
0.151301
0.151401
0.151502
0.151602
0.151702
0.151802
0.151902
0.152002
0.152102
0.152202
0.152302
0.152402
0.152503
0.152603
0.152703
0.152803
0.152903
0.153003
0.153103
0.153203
0.153303
0.153403
0.153504
0.153604
0.153704
0.153804
0.153904
0.154004
0.154104
0.154204
0.154304
0.154404
0.154505
0.154605
0.154705
0.154805
0.154905
0.155005
0.155105
0.155205
0.155305
0.155405
0.155506
0.155606
0.155706
0.155806
0.155906
0.156006
0.156106
0.156206
0.156306
0.156406
0.156507
0.156607
0.156707
0.156807
0.156907
0.157007
0.157107
0.157207
0.157307
0.157407
0.157508
0.157608
0.157708
0.157808
0.157908
0.158008
0.158108
0.158208
0.158308
0.158408
0.158509
0.158609
0.158709
0.158809
0.158909
0.159009
0.159109
0.159209
0.159309
0.159409
0.159510
0.159610
0.159710
0.159810
0.159910
0.160010
0.160110
0.160210
0.160310
0.160410
0.160511
0.160611
0.160711
0.160811
0.160911
0.161011
0.161111
0.161211
0.161311
0.161411
0.161512
0.161612
0.161712
0.161812
0.161912
0.162012
0.162112
0.162212
0.162312
0.162412
0.162513
0.162613
0.162713
0.162813
0.162913
0.163013
0.163113
0.163213
0.163313
0.163413
0.163514
0.163614
0.163714
0.163814
0.163914
0.164014
0.164114
0.164214
0.164314
0.164414
0.164515
0.164615
0.164715
0.164815
0.164915
0.165015
0.165115
0.165215
0.165315
0.165415
0.165516
0.165616
0.165716
0.165816
0.165916
0.166016
0.166116
0.166216
0.166316
0.166416
0.166517
0.166617
0.166717
0.166817
0.166917
0.167017
0.167117
0.167217
0.167317
0.167417
0.167518
0.167618
0.167718
0.167818
0.167918
0.168018
0.168118
0.168218
0.168318
0.168418
0.168519
0.168619
0.168719
0.168819
0.168919
0.169019
0.169119
0.169219
0.169319
0.169419
0.169520
0.169620
0.169720
0.169820
0.169920
0.170020
0.170120
0.170220
0.170320
0.170420
0.170521
0.170621
0.170721
0.170821
0.170921
0.171021
0.171121
0.171221
0.171321
0.171421
0.171522
0.171622
0.171722
0.171822
0.171922
0.172022
0.172122
0.172222
0.172322
0.172422
0.172523
0.172623
0.172723
0.172823
0.172923
0.173023
0.173123
0.173223
0.173323
0.173423
0.173524
0.173624
0.173724
0.173824
0.173924
0.174024
0.174124
0.174224
0.174324
0.174424
0.174525
0.174625
0.174725
0.174825
0.174925
0.175025
0.175125
0.175225
0.175325
0.175425
0.175526
0.175626
0.175726
0.175826
0.175926
0.176026
0.176126
0.176226
0.176326
0.176426
0.176527
0.176627
0.176727
0.176827
0.176927
0.177027
0.177127
0.177227
0.177327
0.177427
0.177528
0.177628
0.177728
0.177828
0.177928
0.178028
0.178128
0.178228
0.178328
0.178428
0.178529
0.178629
0.178729
0.178829
0.178929
0.179029
0.179129
0.179229
0.179329
0.179429
0.179530
0.179630
0.179730
0.179830
0.179930
0.180030
0.180130
0.180230
0.180330
0.180430
0.180531
0.180631
0.180731
0.180831
0.180931
0.181031
0.181131
0.181231
0.181331
0.181431
0.181532
0.181632
0.181732
0.181832
0.181932
0.182032
0.182132
0.182232
0.182332
0.182432
0.182533
0.182633
0.182733
0.182833
0.182933
0.183033
0.183133
0.183233
0.183333
0.183433
0.183534
0.183634
0.183734
0.183834
0.183934
0.184034
0.184134
0.184234
0.184334
0.184434
0.184535
0.184635
0.184735
0.184835
0.184935
0.185035
0.185135
0.185235
0.185335
0.185435
0.185536
0.185636
0.185736
0.185836
0.185936
0.186036
0.186136
0.186236
0.186336
0.186436
0.186537
0.186637
0.186737
0.186837
0.186937
0.187037
0.187137
0.187237
0.187337
0.187437
0.187538
0.187638
0.187738
0.187838
0.187938
0.188038
0.188138
0.188238
0.188338
0.188438
0.188539
0.188639
0.188739
0.188839
0.188939
0.189039
0.189139
0.189239
0.189339
0.189439
0.189540
0.189640
0.189740
0.189840
0.189940
0.190040
0.190140
0.190240
0.190340
0.190440
0.190541
0.190641
0.190741
0.190841
0.190941
0.191041
0.191141
0.191241
0.191341
0.191441
0.191542
0.191642
0.191742
0.191842
0.191942
0.192042
0.192142
0.192242
0.192342
0.192442
0.192543
0.192643
0.192743
0.192843
0.192943
0.193043
0.193143
0.193243
0.193343
0.193443
0.193544
0.193644
0.193744
0.193844
0.193944
0.194044
0.194144
0.194244
0.194344
0.194444
0.194545
0.194645
0.194745
0.194845
0.194945
0.195045
0.195145
0.195245
0.195345
0.195445
0.195546
0.195646
0.195746
0.195846
0.195946
0.196046
0.196146
0.196246
0.196346
0.196446
0.196547
0.196647
0.196747
0.196847
0.196947
0.197047
0.197147
0.197247
0.197347
0.197447
0.197548
0.197648
0.197748
0.197848
0.197948
0.198048
0.198148
0.198248
0.198348
0.198448
0.198549
0.198649
0.198749
0.198849
0.198949
0.199049
0.199149
0.199249
0.199349
0.199449
0.199550
0.199650
0.199750
0.199850
0.199950
0.200050
0.200150
0.200250
0.200350
0.200450
0.200551
0.200651
0.200751
0.200851
0.200951
0.201051
0.201151
0.201251
0.201351
0.201451
0.201552
0.201652
0.201752
0.201852
0.201952
0.202052
0.202152
0.202252
0.202352
0.202452
0.202553
0.202653
0.202753
0.202853
0.202953
0.203053
0.203153
0.203253
0.203353
0.203453
0.203554
0.203654
0.203754
0.203854
0.203954
0.204054
0.204154
0.204254
0.204354
0.204454
0.204555
0.204655
0.204755
0.204855
0.204955
0.205055
0.205155
0.205255
0.205355
0.205455
0.205556
0.205656
0.205756
0.205856
0.205956
0.206056
0.206156
0.206256
0.206356
0.206456
0.206557
0.206657
0.206757
0.206857
0.206957
0.207057
0.207157
0.207257
0.207357
0.207457
0.207558
0.207658
0.207758
0.207858
0.207958
0.208058
0.208158
0.208258
0.208358
0.208458
0.208559
0.208659
0.208759
0.208859
0.208959
0.209059
0.209159
0.209259
0.209359
0.209459
0.209560
0.209660
0.209760
0.209860
0.209960
0.210060
0.210160
0.210260
0.210360
0.210460
0.210561
0.210661
0.210761
0.210861
0.210961
0.211061
0.211161
0.211261
0.211361
0.211461
0.211562
0.211662
0.211762
0.211862
0.211962
0.212062
0.212162
0.212262
0.212362
0.212462
0.212563
0.212663
0.212763
0.212863
0.212963
0.213063
0.213163
0.213263
0.213363
0.213463
0.213564
0.213664
0.213764
0.213864
0.213964
0.214064
0.214164
0.214264
0.214364
0.214464
0.214565
0.214665
0.214765
0.214865
0.214965
0.215065
0.215165
0.215265
0.215365
0.215465
0.215566
0.215666
0.215766
0.215866
0.215966
0.216066
0.216166
0.216266
0.216366
0.216466
0.216567
0.216667
0.216767
0.216867
0.216967
0.217067
0.217167
0.217267
0.217367
0.217467
0.217568
0.217668
0.217768
0.217868
0.217968
0.218068
0.218168
0.218268
0.218368
0.218468
0.218569
0.218669
0.218769
0.218869
0.218969
0.219069
0.219169
0.219269
0.219369
0.219469
0.219570
0.219670
0.219770
0.219870
0.219970
0.220070
0.220170
0.220270
0.220370
0.220470
0.220571
0.220671
0.220771
0.220871
0.220971
0.221071
0.221171
0.221271
0.221371
0.221471
0.221572
0.221672
0.221772
0.221872
0.221972
0.222072
0.222172
0.222272
0.222372
0.222472
0.222573
0.222673
0.222773
0.222873
0.222973
0.223073
0.223173
0.223273
0.223373
0.223473
0.223574
0.223674
0.223774
0.223874
0.223974
0.224074
0.224174
0.224274
0.224374
0.224474
0.224575
0.224675
0.224775
0.224875
0.224975
0.225075
0.225175
0.225275
0.225375
0.225475
0.225576
0.225676
0.225776
0.225876
0.225976
0.226076
0.226176
0.226276
0.226376
0.226476
0.226577
0.226677
0.226777
0.226877
0.226977
0.227077
0.227177
0.227277
0.227377
0.227477
0.227578
0.227678
0.227778
0.227878
0.227978
0.228078
0.228178
0.228278
0.228378
0.228478
0.228579
0.228679
0.228779
0.228879
0.228979
0.229079
0.229179
0.229279
0.229379
0.229479
0.229580
0.229680
0.229780
0.229880
0.229980
0.230080
0.230180
0.230280
0.230380
0.230480
0.230581
0.230681
0.230781
0.230881
0.230981
0.231081
0.231181
0.231281
0.231381
0.231481
0.231582
0.231682
0.231782
0.231882
0.231982
0.232082
0.232182
0.232282
0.232382
0.232482
0.232583
0.232683
0.232783
0.232883
0.232983
0.233083
0.233183
0.233283
0.233383
0.233483
0.233584
0.233684
0.233784
0.233884
0.233984
0.234084
0.234184
0.234284
0.234384
0.234484
0.234585
0.234685
0.234785
0.234885
0.234985
0.235085
0.235185
0.235285
0.235385
0.235485
0.235586
0.235686
0.235786
0.235886
0.235986
0.236086
0.236186
0.236286
0.236386
0.236486
0.236587
0.236687
0.236787
0.236887
0.236987
0.237087
0.237187
0.237287
0.237387
0.237487
0.237588
0.237688
0.237788
0.237888
0.237988
0.238088
0.238188
0.238288
0.238388
0.238488
0.238589
0.238689
0.238789
0.238889
0.238989
0.239089
0.239189
0.239289
0.239389
0.239489
0.239590
0.239690
0.239790
0.239890
0.239990
0.240090
0.240190
0.240290
0.240390
0.240490
0.240591
0.240691
0.240791
0.240891
0.240991
0.241091
0.241191
0.241291
0.241391
0.241491
0.241592
0.241692
0.241792
0.241892
0.241992
0.242092
0.242192
0.242292
0.242392
0.242492
0.242593
0.242693
0.242793
0.242893
0.242993
0.243093
0.243193
0.243293
0.243393
0.243493
0.243594
0.243694
0.243794
0.243894
0.243994
0.244094
0.244194
0.244294
0.244394
0.244494
0.244595
0.244695
0.244795
0.244895
0.244995
0.245095
0.245195
0.245295
0.245395
0.245495
0.245596
0.245696
0.245796
0.245896
0.245996
0.246096
0.246196
0.246296
0.246396
0.246496
0.246597
0.246697
0.246797
0.246897
0.246997
0.247097
0.247197
0.247297
0.247397
0.247497
0.247598
0.247698
0.247798
0.247898
0.247998
0.248098
0.248198
0.248298
0.248398
0.248498
0.248599
0.248699
0.248799
0.248899
0.248999
0.249099
0.249199
0.249299
0.249399
0.249499
0.249600
0.249700
0.249800
0.249900
0.250000
