2.523613
2.479372
2.298584
2.187054
2.866687
2.515143
2.889110
2.522388
2.822476
2.552176
2.655727
2.461290
2.698949
2.256801
2.336036
2.613441
2.430971
2.338624
2.661871
2.587965
2.378751
2.712410
2.597421
2.556730
2.638915
2.658605
2.658610
2.609840
2.317301
2.754214
2.282699
2.724386
2.387907
2.383618
2.509018
2.581511
2.500591
2.458498
2.266572
2.554657
2.565880
2.643789
2.543635
2.505161
2.499036
2.510185
2.584422
2.345308
2.787891
2.525229
2.475235
2.489280
2.578465
2.500342
2.330519
2.566034
2.110903
2.530289
2.598364
2.503563
2.423098
2.498822
2.565666
2.574266
2.450719
2.218347
2.441513
2.364315
2.753518
2.458445
2.386176
2.547946
3.089225
2.324251
2.235791
2.225364
2.934411
2.275122
2.538712
2.207948
2.561883
2.383551
2.658534
2.510823
2.416220
2.549668
2.585371
2.531701
2.527874
2.554604
2.503962
2.391669
2.474273
2.329991
2.473434
2.120785
2.457667
2.672275
2.508973
2.768457
2.628987
2.333411
2.528598
2.509865
2.588776
2.434899
2.270981
2.370117
2.676669
2.591087
2.713682
2.462001
2.556767
2.092271
2.869737
2.602647
2.555029
2.613451
2.586606
2.366885
2.132099
2.582024
2.579569
2.638740
2.094811
2.235972
2.787768
2.714909
2.089242
2.619202
2.584284
2.642345
2.243546
2.562591
2.072998
2.853076
2.480116
2.020636
2.511007
2.178614
2.702563
2.574712
2.761868
2.763139
2.245806
2.053001
2.100447
2.514979
2.539112
2.427759
2.245006
2.348661
2.589710
2.440141
2.410289
2.408771
2.237265
2.476571
2.202851
2.313474
2.241014
2.542074
1.909686
2.570691
2.756534
2.387458
2.575958
2.250561
2.558898
2.964452
2.507503
2.409836
2.795068
2.358643
2.464310
2.757672
2.589203
2.300691
2.067121
2.324058
2.568498
2.565982
2.491573
2.270823
2.313282
2.571184
2.274588
2.537617
2.557880
2.581980
2.968229
2.383832
2.580769
2.613018
2.705243
2.453727
2.473710
2.549343
2.446438
2.482577
2.482022
2.434851
2.655523
2.466461
2.467705
2.539328
2.555903
2.208120
2.403249
2.581794
2.683183
2.569912
2.463916
2.584168
2.663645
2.604924
2.578340
2.634863
2.342196
2.037566
2.717010
2.477992
2.531599
2.355787
2.439424
2.454309
2.567477
2.505650
2.674893
2.175331
2.358174
2.382352
2.600761
2.589526
2.525314
2.538148
2.104727
2.643855
2.410152
2.390762
2.905764
2.117548
2.561259
2.622219
2.209306
2.326767
2.583556
2.908215
2.719307
2.419267
2.381280
2.526976
2.611257
2.442553
2.347636
2.762323
2.611123
2.752631
2.399291
2.476128
2.357804
2.750591
2.262867
2.432551
2.527314
2.166052
2.485891
2.434918
2.724920
2.593674
2.689330
2.394933
2.592379
2.351015
2.528178
2.802048
2.806734
2.830679
2.598861
2.601246
2.599076
2.318290
1.985458
2.655560
2.266386
2.491250
2.427046
2.807846
2.563418
2.574710
2.730604
2.748236
2.249487
2.254516
2.817655
2.642865
2.439177
2.450095
2.522238
2.520068
2.525412
2.802061
2.195745
2.563378
2.714911
2.516395
2.551789
2.532014
2.456685
2.384539
2.631884
2.702961
2.575967
2.193984
2.692234
2.843408
2.986394
2.523808
2.321089
2.277253
2.621589
2.840307
2.360904
2.455545
2.522552
2.372115
2.395094
2.268301
1.940177
2.702296
2.766693
2.518829
2.465872
2.006435
2.767410
2.453558
2.238156
2.277305
2.281565
2.208498
2.831647
2.592432
2.628837
2.446642
2.532272
2.464320
2.513257
2.017187
2.439347
3.025646
2.534695
2.666733
2.330296
2.466493
2.492183
2.458669
2.550684
2.487795
2.312213
2.472136
2.430155
2.534490
2.580392
2.794785
2.460052
2.512892
2.079209
2.455519
2.796444
2.740153
2.359758
2.547350
2.847664
2.730112
2.285084
2.827161
2.666071
2.245466
2.266830
2.306848
2.459380
2.589099
2.615242
2.362062
2.293345
2.016501
2.338107
2.389866
2.592345
2.440148
2.301773
2.724918
2.861298
2.535603
2.337483
2.585782
2.853167
2.648516
2.324259
2.522170
2.665364
2.428616
2.681313
2.639375
2.300761
2.247922
1.935457
2.604681
2.844013
2.665562
2.746263
2.596902
2.923983
2.515304
2.161183
2.283363
2.309557
2.227049
2.256132
2.853218
2.626266
2.493524
2.347325
2.185733
2.848818
2.768398
2.155825
2.138560
2.547390
2.113625
2.390551
2.623003
2.715946
2.251804
2.399042
2.515898
2.375116
2.397597
2.466492
2.482520
2.393241
2.372075
2.552410
2.302522
2.561653
2.265003
2.663499
1.950009
2.694676
2.550438
2.439206
2.575637
2.504841
2.569806
2.475636
2.318304
2.608371
2.789841
2.747850
2.744495
2.610660
2.566248
2.469002
2.692010
2.259055
2.547645
2.311981
2.376076
2.618771
2.699663
2.709834
2.507152
2.499120
2.578121
2.663485
2.712669
2.981707
2.881456
2.547572
2.581049
2.503858
2.568036
2.595808
2.661286
2.771917
2.393438
2.316492
2.380663
2.559129
2.668905
2.658157
2.582337
2.378422
2.564138
2.339540
2.274362
2.231885
2.421103
2.468447
2.265228
2.761479
2.689616
2.014212
2.666888
2.411264
2.592828
2.404440
2.526388
2.397401
2.336515
2.459508
2.628867
2.784312
2.488782
2.303064
2.480802
2.562579
2.543806
2.817312
2.276630
2.617886
2.635987
2.336385
2.825114
2.290364
2.667858
2.286433
2.242721
2.586469
2.406817
2.497268
2.504256
2.602905
2.551545
2.799374
2.542171
2.631494
2.551826
2.391297
2.681965
1.833886
2.440675
2.384244
2.582612
2.344143
2.596101
2.299186
2.502728
2.244184
2.417783
2.477950
2.582083
2.891800
2.681831
2.304196
2.598201
2.676770
2.358923
2.725410
2.493884
2.471476
2.428948
2.661329
2.465388
2.763343
2.428750
2.444335
2.497041
2.228925
2.417100
2.525609
2.445507
2.684392
2.369971
2.643039
2.400646
2.413622
2.648061
2.521553
2.701093
2.505606
2.694185
2.270455
2.328305
2.551849
2.473852
2.345809
2.445956
2.378397
2.685102
2.572354
2.278679
2.676751
2.542936
2.378372
2.408113
2.240943
2.556342
2.637212
2.454768
2.367974
2.346065
2.586070
2.599215
2.357066
2.476710
2.452772
2.475983
2.323729
2.479400
2.708481
2.188156
2.469290
2.592821
2.392518
2.224084
2.686224
2.516944
2.638518
2.408226
2.357989
2.314528
2.530557
2.574352
2.428601
2.306920
2.562129
2.507771
2.374649
3.023921
2.547416
2.688038
2.338633
2.387305
2.732856
2.475282
2.310070
2.603026
2.716208
2.701359
2.215014
2.351372
2.700629
2.533170
2.541455
2.517378
2.258422
2.256067
2.511439
2.247761
2.263603
2.324158
2.322578
2.227427
2.792719
2.244449
2.568355
2.236318
2.354248
2.614452
2.451732
2.663892
2.512435
2.364121
2.493885
2.590828
2.677960
2.426282
2.382251
2.313955
2.624831
2.318196
2.526055
2.329873
2.415759
2.034397
2.358177
2.256542
2.316578
2.488695
2.379689
2.329632
2.515302
2.350514
2.187448
2.538831
2.590232
2.531420
2.603756
2.337148
2.329458
2.690996
2.288396
2.562289
1.898702
2.358321
2.403319
2.537151
2.665757
2.525844
2.734160
2.294080
2.577347
2.553530
2.757863
2.573331
2.417115
2.302868
2.443746
2.708323
2.323775
2.632679
2.946736
2.920977
2.481898
2.894893
2.633519
2.768999
2.634405
2.418385
2.520917
2.529381
2.360608
2.219897
2.273839
2.534620
2.684157
2.758728
2.661102
2.399470
2.676831
1.998384
2.404648
2.675016
2.908203
2.547866
2.545640
2.469048
2.370385
2.578500
2.710902
2.520832
2.641673
2.538911
2.758211
2.416213
2.660902
2.505736
2.635488
2.497781
2.510896
2.591348
2.534024
2.347155
2.615366
2.472658
2.323932
2.340720
2.596212
2.509475
2.462313
2.358767
2.710017
2.428318
2.695512
2.421773
2.437273
2.317943
2.299523
2.268121
2.741938
2.477365
2.561364
2.369099
2.523655
2.565134
2.311674
2.804512
2.364965
2.623901
2.121702
2.635076
2.291012
2.613883
2.150802
2.438866
2.573490
2.581707
2.904294
2.306582
2.597557
2.535982
2.389710
2.328655
2.471442
2.274414
2.931649
2.767372
2.757143
2.808059
2.202361
2.320132
2.463725
2.382813
2.734047
2.484036
2.673847
2.692392
2.693661
2.333266
2.131739
2.684846
2.437653
2.292224
2.642012
2.331211
2.756742
2.491919
2.620818
2.649297
2.551291
2.847133
2.377967
2.811615
2.020067
2.379115
2.357840
2.566204
2.570845
2.494462
2.176310
2.347146
2.715742
2.357009
2.320463
2.269614
2.267004
2.387208
2.380179
2.471219
2.558942
2.531256
2.591368
2.062903
2.664417
2.324918
2.440224
2.493085
2.737722
2.526782
2.631217
2.633939
2.511184
2.812180
2.480044
2.744902
2.163746
2.478852
2.888201
2.596066
2.562000
2.772698
2.627009
2.424397
2.687070
2.347987
2.744908
2.783362
2.408972
2.486531
2.960301
2.712150
2.411947
2.820014
2.383185
2.136733
2.510320
2.395330
2.468526
2.513041
2.026688
2.431007
2.473237
2.898402
2.364625
2.575413
2.675278
2.430703
2.415659
2.472133
2.713970
2.473375
2.275200
2.716814
2.682197
2.509107
2.561570
2.348304
2.336667
2.663789
2.427792
2.295129
2.554762
2.429148
2.870922
2.408498
2.439080
2.408522
2.516691
2.659519
2.330011
2.471822
2.697314
2.385212
2.659023
2.164994
2.633004
2.484932
2.427207
2.738317
2.486068
2.312934
2.432018
2.146871
2.425031
2.482221
2.339533
2.400293
2.425450
2.969627
2.633063
2.432075
2.720132
2.267582
2.822391
2.520171
2.502403
2.750001
2.411652
2.429027
2.517971
2.886591
2.589652
2.424069
2.413501
2.520406
2.756710
2.089709
2.578878
2.557737
2.477199
2.204487
2.839601
2.508642
2.520783
2.401457
2.045613
2.292003
2.491008
2.736855
2.152253
2.790182
2.920070
2.794181
2.532975
2.593728
2.634060
2.355232
1.974636
2.476361
2.293647
2.893617
2.577325
2.248809
2.788036
2.599831
2.447819
2.550380
2.548641
2.770933
2.656606
2.571606
2.752740
2.390911
2.208601
2.773677
2.342674
2.571152
2.473026
2.408619
2.546890
2.693338
2.943373
2.568267
2.325806
2.355981
2.542655
2.780298
2.576564
2.119190
