0.497741
-0.499402
0.240780
0.264127
0.496448
0.044810
-0.486910
0.191073
-0.033026
0.495783
0.311973
-0.306876
0.304504
-0.496217
-0.135116
0.106320
-0.342176
0.484559
-0.386520
-0.043894
-0.080031
0.499590
0.413151
0.127518
-0.108334
0.394757
-0.447951
0.190749
0.327338
0.454374
0.462249
-0.230988
0.389479
0.194718
0.490342
-0.177180
-0.325748
-0.400902
0.106745
-0.034459
0.070664
0.477263
0.346904
-0.470374
0.325376
-0.344322
-0.269682
-0.499977
-0.434715
0.482838
0.409704
0.167501
0.410949
-0.449548
-0.498827
0.167999
0.337174
0.381692
-0.488757
-0.122759
-0.195765
0.021035
-0.351887
-0.499924
-0.301603
-0.220071
-0.011269
-0.359636
-0.413009
-0.298873
-0.276745
-0.481442
0.495909
0.347714
-0.212666
0.351183
0.336801
0.369274
0.218210
0.104789
-0.458826
0.496812
0.193924
-0.428088
0.423760
0.305546
-0.490223
0.238381
0.473574
0.017127
0.209518
-0.481090
-0.487084
0.462975
0.261738
0.268938
-0.067758
-0.177367
-0.436169
-0.139241
-0.481698
0.390473
0.244687
-0.112521
-0.423083
-0.477257
0.013373
0.491324
-0.119495
-0.343675
0.477796
0.090730
-0.324429
0.009624
-0.228331
0.387364
-0.002109
-0.403824
0.035870
0.353192
-0.491579
-0.495907
-0.176716
0.391664
-0.422912
-0.439882
-0.400240
-0.080736
-0.498612
-0.106493
0.405727
-0.128343
0.092112
0.477765
-0.167671
-0.057942
0.059718
0.498758
-0.457971
-0.287670
-0.052252
-0.227064
0.489588
-0.491464
-0.304392
-0.269766
-0.478380
-0.388541
0.451212
-0.472295
0.316670
-0.441421
-0.149949
0.218709
-0.497650
-0.001162
-0.301383
-0.189970
-0.025149
-0.499982
-0.220854
-0.416789
0.294918
0.457660
-0.082534
-0.428127
-0.493834
-0.286065
-0.065115
0.430114
-0.306622
0.480617
-0.461298
-0.307009
0.487131
-0.215717
0.239762
0.466890
-0.382452
-0.435783
0.493570
-0.145764
0.499647
0.011032
0.281120
-0.087258
-0.354124
-0.499964
0.496119
0.468232
0.040973
-0.356895
-0.300261
-0.465473
0.470710
-0.381777
0.465082
-0.075172
0.477278
-0.349928
0.465059
0.224444
-0.277760
-0.496547
0.444901
0.096880
0.447977
0.223996
0.403881
0.495849
-0.351778
0.234824
0.100052
-0.304672
0.390065
0.404658
0.433616
0.079973
-0.338931
-0.121302
0.496077
-0.274064
-0.076327
0.413135
0.404510
-0.498836
0.491796
-0.493579
0.312726
-0.172132
0.064806
0.451756
-0.496867
-0.434683
0.432753
0.390248
0.410563
-0.372391
0.144296
0.140778
-0.099313
0.476001
-0.228731
-0.456861
-0.217138
-0.476998
0.106560
-0.338645
0.470605
-0.188337
-0.317688
-0.428053
0.360405
-0.185535
0.436015
0.255417
-0.004530
0.193873
-0.315158
0.339741
0.463373
0.138494
-0.299033
0.237988
0.265443
0.497394
-0.123234
-0.432843
-0.442167
-0.323373
0.260588
-0.312688
-0.495924
-0.057446
0.339950
0.488109
0.184444
0.303930
-0.287799
0.451895
0.422453
-0.462268
0.324329
0.143050
-0.155062
-0.250842
-0.357646
-0.280818
0.365310
0.330450
0.378949
0.089963
0.485649
0.477427
0.063099
0.160060
-0.304201
-0.368946
0.007025
0.039190
0.494892
-0.499990
-0.171627
-0.372579
-0.417526
-0.458135
0.488457
-0.097301
0.486013
-0.220199
-0.419799
-0.405739
0.308401
-0.041754
0.365296
-0.127561
-0.097431
0.311508
0.231330
-0.196628
-0.421475
-0.456339
-0.487617
-0.490901
0.496975
0.252148
0.488122
-0.492850
-0.335302
0.044656
0.465617
0.499669
-0.270286
-0.370374
0.044739
0.496269
0.208684
-0.219340
-0.060467
-0.341568
-0.481662
0.205395
-0.467970
0.470721
-0.394965
0.369273
0.449322
-0.498170
-0.183987
0.498781
0.462611
-0.457304
0.490558
0.296518
0.142635
0.217253
0.447299
0.131387
-0.287559
0.263717
0.346469
-0.040867
-0.456753
0.378303
-0.402054
-0.059311
0.004155
-0.253207
0.492733
-0.468640
-0.388220
0.488948
-0.239585
-0.178210
0.492418
-0.204024
-0.206739
0.146366
0.160124
0.383729
0.017176
-0.374630
-0.499884
0.016671
-0.472059
-0.404317
0.499410
0.488233
0.420853
-0.131695
0.405959
0.225871
-0.227743
0.017515
0.147670
-0.329828
-0.494767
-0.043813
0.393497
-0.406753
-0.473851
0.497761
-0.016353
-0.198036
-0.484001
-0.440219
-0.442077
-0.175174
0.109354
-0.496698
-0.073588
-0.059651
-0.489323
-0.498479
-0.260346
0.409949
0.424944
0.268361
0.350382
-0.484698
0.497011
0.491239
0.124062
0.393467
-0.499583
0.497903
0.230543
-0.473401
0.487019
0.355321
0.053926
-0.291303
0.073803
-0.430580
-0.481377
-0.025452
-0.492891
-0.445639
-0.004144
0.404808
0.490107
-0.494398
0.289366
0.387235
0.072940
-0.489509
-0.270905
-0.484915
0.158484
-0.440742
-0.138984
0.124132
0.368419
-0.285735
-0.402002
-0.481655
-0.062116
0.478754
0.098282
-0.485351
0.488591
-0.243624
0.476295
-0.487702
0.475138
-0.111575
-0.214978
-0.193275
-0.159854
-0.050904
0.096139
0.255158
-0.381374
-0.440183
-0.246133
0.446261
0.333048
0.465410
-0.472911
-0.498113
-0.227449
0.481312
-0.248259
0.145351
-0.242896
-0.301597
-0.497639
0.070994
-0.468315
0.483259
0.476043
-0.137754
0.483160
-0.417020
0.461860
-0.449749
0.354758
0.113881
0.114476
-0.447899
0.495030
0.366189
-0.499968
0.475642
0.440562
0.298624
0.444913
-0.429216
0.215240
-0.386649
-0.279317
-0.465628
-0.492370
0.000177
0.251021
-0.197163
-0.487644
0.313167
0.391663
-0.485554
-0.084539
-0.300617
0.467273
0.347431
-0.442403
-0.500000
-0.468047
-0.464624
0.147493
0.340957
-0.289150
0.028657
-0.431709
0.078703
-0.479866
0.483270
0.117790
-0.339400
0.292225
0.224400
-0.301883
-0.495411
-0.398862
0.086731
-0.381230
-0.087795
-0.375498
-0.009874
-0.291667
0.398864
0.179035
-0.094558
-0.088646
0.004748
-0.381958
-0.231049
0.414024
-0.149518
0.049234
0.474093
0.015041
0.487596
0.204740
0.292790
-0.168277
-0.426510
0.433195
0.452869
0.152405
0.475324
-0.165854
0.316004
-0.244541
-0.288994
-0.483433
0.466941
0.022620
-0.055606
-0.391389
-0.142917
-0.439343
0.192099
0.079092
-0.438928
-0.377560
0.471594
0.061560
-0.483398
0.367680
0.497718
0.134081
-0.308336
0.460458
-0.154203
0.477983
-0.067574
-0.488884
0.492533
-0.064122
-0.227662
0.320388
0.189026
0.092363
-0.496109
-0.494033
-0.328557
0.486244
-0.497168
0.500000
-0.088808
-0.012066
-0.419153
0.449225
0.270377
0.281664
0.476754
0.273804
0.280293
-0.427311
0.465999
-0.024911
0.335069
-0.255164
-0.319706
-0.373914
-0.302267
-0.444440
-0.444705
-0.202921
0.457087
0.350217
0.090652
-0.167787
0.170627
0.073737
-0.350192
0.259021
-0.499521
0.452823
0.351440
-0.171372
-0.318218
-0.324117
0.223117
-0.437143
0.499125
-0.288997
0.392544
-0.084080
0.246446
-0.390203
-0.114985
0.485370
0.487602
0.495707
-0.194385
0.078807
-0.471158
-0.434826
-0.373636
0.302299
0.328189
-0.173176
-0.123317
-0.499822
0.026151
-0.350327
-0.497675
0.466986
0.499730
-0.474129
-0.200584
-0.421159
-0.096252
0.273028
0.399335
0.058318
-0.499428
0.492623
-0.497398
-0.409821
-0.472979
-0.394228
-0.002776
-0.431563
0.379293
-0.062527
0.156076
0.496653
-0.482385
-0.171335
0.499963
0.499691
0.069370
0.351668
-0.496525
0.477275
-0.393442
-0.073830
-0.435415
0.369421
-0.266999
0.291893
0.289658
-0.334449
0.195207
0.477616
0.420856
0.170194
-0.498538
-0.007385
-0.284273
-0.473319
-0.490239
0.494809
-0.063275
0.476773
0.493125
0.314764
-0.353348
0.242565
0.495761
0.206269
-0.175163
0.367103
0.233349
0.340858
0.173574
-0.150803
-0.390656
-0.086370
0.356113
-0.191086
0.493253
0.019872
0.263746
0.325998
0.451082
-0.484114
0.492389
-0.334561
0.299531
0.268496
-0.233012
-0.323622
0.413765
-0.442023
0.468400
-0.498127
-0.388602
-0.470017
0.108927
0.452780
-0.427270
-0.187427
-0.499997
0.421496
0.304884
0.138277
-0.497596
0.286926
0.058649
-0.474098
0.275011
-0.457770
-0.490588
0.354093
-0.264752
0.031779
0.130633
0.008955
-0.493855
0.184753
-0.405573
0.055410
-0.494050
-0.465450
-0.487547
0.221695
-0.490825
0.489156
-0.076571
-0.498053
-0.227582
-0.471283
0.481475
0.372437
-0.496965
0.303609
-0.355796
-0.222807
-0.183332
0.291392
-0.485640
0.366332
0.223072
-0.048684
0.275703
-0.020353
-0.482224
-0.113565
-0.432297
0.325929
0.139036
0.066437
0.000059
-0.222309
-0.484486
0.480931
-0.051888
0.114782
0.104366
-0.006485
-0.096794
0.076748
-0.137770
-0.303597
-0.499978
-0.416482
-0.387383
-0.298211
-0.494415
-0.497933
-0.482700
-0.312367
-0.226034
-0.440370
-0.254086
0.412804
-0.397047
-0.499642
-0.342938
0.476781
-0.423866
-0.433800
0.482962
-0.499163
-0.389411
-0.386672
-0.378536
-0.278156
0.473632
0.327580
-0.477018
0.305933
0.480561
-0.247100
0.478084
-0.422057
0.268688
-0.334995
0.365837
-0.397472
0.372769
-0.492981
0.089951
0.499450
-0.356332
0.122670
-0.159229
-0.461691
0.372211
-0.361969
-0.482298
-0.310685
0.428282
-0.392077
0.420254
-0.431501
0.250807
0.436132
0.491320
-0.498773
0.428708
-0.366739
-0.468823
0.410198
-0.499951
-0.249913
-0.491925
-0.347976
0.229229
-0.497167
0.450761
-0.499981
0.031774
0.006868
0.035556
-0.340717
0.168503
0.499866
0.131358
-0.493811
0.492678
0.011523
-0.292750
0.486957
-0.138360
0.231827
0.349936
0.464584
0.208630
-0.371803
-0.250364
-0.483276
-0.286802
0.207480
0.374299
-0.291944
-0.103395
0.330201
0.112577
0.235398
0.476982
-0.419410
0.497579
-0.115122
-0.065740
-0.375323
-0.420098
0.432044
0.499932
-0.202399
0.483931
-0.482255
-0.130804
0.389554
-0.440376
0.319805
0.010768
0.480639
-0.497554
0.418245
0.231995
0.476417
0.293809
0.488501
0.171329
-0.215414
-0.309141
-0.276575
0.263809
-0.410979
0.464190
0.075528
-0.007476
0.373325
0.478509
-0.144492
-0.436582
0.499949
0.316941
-0.375020
-0.365273
-0.472994
0.459825
-0.286438
0.494389
-0.494192
0.093246
-0.495741
0.488153
-0.411398
-0.004402
0.307065
-0.385925
0.047525
0.144858
-0.413541
-0.287208
-0.108682
0.378839
-0.179954
0.397593
0.499179
-0.405165
-0.124672
0.477808
-0.214676
0.011757
-0.159925
0.163332
-0.163984
0.330691
0.143382
-0.312474
-0.147596
0.425376
0.420966
-0.388327
0.497371
0.159889
0.165051
-0.207810
0.167880
0.481883
-0.128233
-0.216406
0.272682
-0.061159
